11010010110011001001010001101010101110111010100101000000010011100110110001011101010010010000001111000011001010010011000000000111,
00100010010000101000111010100000100100100010000000001010100010011111111100001111000100000110100100100001001000110000100010000100,
11010010110011001001010001101010101110111010100101000000010011100110110001011101010010010000001111000011001010010011000000000111,
11110010111010011111101000001011110010101000000000001000010110000001111011110001011010111111011100101101100111001110101000101001,
11001100110011001001010011010100100001000001101000010111010011001010000010001111010111101010001111100011010000100000110000000100,
10000111010011010100001011110011100010000110001111010000101001100001010100000110011100101110111100100110010111100000001011011011,
10101001010001001001011101110000000000011001000000110000010000010011001010101001101011001111000010110110100000000100001110101111,
01011101011101000000000000000010010010111100001001101001000101101110000101100010101011000010001010101101101001100000111000011000,
10010101111001110011101111101110100011011111110010000110110101111100000001111100010010010101010000101100001001001000011001110101,
10110111001111011001010011100000100000100010011011011110011011100110100110010100001110101101011011000100101010100001000110000010,
01111100000101001110111111110001010100101010110000000001011010001000000000011101000110000111100010010111100010100001010100010101,